0,206
0,434
0,288
0,286
0,277
0,433
216,92
0,513
223,2
223,0
0,428
0,423
216,91
0,0
0,198
0,197
0,193
216,90
0,492
214,3
0,483
0,461
0,418
0,424
217,20
217,9
217,8
0,56
0,58
0,291
236,2
0,57
236,6
236,5
0,422
217,16
236,4
236,3
0,551
0,389
0,505
0,200
0,52
0,51
0,50
0,48
0,47
0,46
0,539
0,498
0,558
0,413
0,493
0,466
0,408
0,410
0,391
0,555
0,542
0,520
0,405
0,402
0,447
0,552
0,445
0,311
0,201
0,196
0,298
0,427
0,416
218,12
0,398
220,5
0,407
0,315
0,313
0,312
0,306
0,195
0,194
0,192
0,388
0,2
0,518
0,444
0,390
0,63
0,426
0,294
0,572
0,385
217,10
0,431
0,279
218,7
0,269
0,532
0,501
0,308
0,243
0,515
218,15
0,304
0,499
0,512
0,302
0,470
0,450
0,469
0,465
0,421
0,467
0,508
0,495
0,554
0,425
0,448
0,570
0,569
0,387
0,557
0,546
0,463
0,62
0,403
0,490
0,397
0,419
0,443
0,543
0,456
0,481
217,3
217,11
217,5
218,11
0,562
0,479
0,417
14,4
0,561
208,5
216,89
216,84
0,475
0,507
217,7
217,21
218,14
220,3
212,4
211,3
212,3
217,17
217,15
217,12
218,13
218,6
220,4
217,6
218,4
232,4
232,2
232,3
216,83
216,68
0,462
217,13
217,4
218,9
218,3
0,411
208,1
0,289
0,459
211,4
211,5
0,281
0,280
0,274
0,458
214,5
0,404
0,517
218,5
208,3
208,4
207,3
207,4
216,65
216,86
216,85
216,82
216,81
216,80
216,79
216,78
216,77
216,76
216,75
216,74
216,73
216,72
216,71
216,70
216,69
216,8
216,7
216,88
216,87
216,67
0,474
216,66
216,2
216,0
216,36
